POLY 18, 3
3,274175306; 1,35391924
3,274175306; 0,3375296912
1,80195844953; 0,3375296912
1,57575675253; -0,873871734
1,381809614; -0,873871734
1,381809614; 5,2065383355
1,7399623; 6,1091511615
1,7399623; 16,26579572
13,51555137; 16,26579572
13,51555137; 16,46579572
1,5399623; 16,46579572
1,5399623; 6,1473809045
1,181809614; 5,2447680785
1,181809614; -1,073871734
1,74186812947; -1,073871734
1,96806982647; 0,1375296912
3,474175306; 0,1375296912
3,474175306; 1,35391924
POLY 6, 3
2,324316682; 0,9501187648
2,324316682; 3,23958672361
13,6087898982; 15,8001524812
13,4600131218; 15,9338142588
2,124316682; 3,31623275439
2,124316682; 0,9501187648
POLY 6, 3
4,605183789; -0,7125890736
4,605183789; 4,18847658717
15,49236089; 15,7985802125
15,34647041; 15,9353865275
4,405183789; 4,26758042083
4,405183789; -0,7125890736
POLY 6, 3
6,113195099; -0,9501187648
6,113195099; 4,38044287775
15,4946319154; 15,0884965502
15,3441993846; 15,2202920498
5,913195099; 4,45566163625
5,913195099; -0,9501187648
POLY 10, 3
6,67869934; -0,7125890736
6,67869934; 4,2360937613
13,0190734224; 11,0236112848
14,6573064707; 11,3083463601
16,0746452529; 12,7323046104
15,9328948071; 12,8733961096
14,5604126693; 11,4945039999
12,9187211176; 11,2091678152
6,47869934; 4,3149751227
6,47869934; -0,7125890736
POLY 6, 3
7,602356268; -0,7363420428
7,602356268; 4,21075681075
12,6819331512; 9,35969920785
12,5395560088; 9,50015827415
7,402356268; 4,29280613525
7,402356268; -0,7363420428
POLY 6, 3
8,37163988321; 3,53645620638
8,53508195488; 4,13143020986
13,6278631664; 9,83840643271
13,4786401336; 9,97156981529
8,35464471712; 4,22961492014
8,17878424479; 3,58943452962
POLY 10, 3
8,544863336; -0,4750593824
8,544863336; 2,52242109826
12,503661401; 6,28729784649
14,2941443175; 7,47476026468
16,0721978477; 9,14322991152
15,9353422123; 9,28907412648
14,1695691625; 7,63212809732
12,378525219; 6,44429360151
8,344863336; 2,60822023174
8,344863336; -0,4750593824
POLY 4, 3
10,2731467735; 1,07424936629
15,6831373535; 7,25002133729
15,5326967665; 7,38180764071
10,1227061865; 1,20603566971
POLY 4, 2
6,220546654; 5,31567696
13,32704995; 5,31567696
13,32704995; 5,51567696
6,220546654; 5,51567696
POLY 4, 2
2,827521206; 5,814489311
15,79641847; 5,814489311
15,79641847; 6,014489311
2,827521206; 6,014489311
POLY 4, 2
1,300659755; 6,265795724
13,15739868; 6,265795724
13,15739868; 6,465795724
1,300659755; 6,465795724
POLY 4, 2
-0,2073515551; 6,740855107
15,77756833; 6,740855107
15,77756833; 6,940855107
-0,2073515551; 6,940855107
POLY 4, 2
0,7351555137; 7,215914489
13,53440151; 7,215914489
13,53440151; 7,415914489
0,7351555137; 7,415914489
POLY 4, 2
7,332704995; 7,976009501
15,77756833; 7,976009501
15,77756833; 8,176009501
7,332704995; 8,176009501
POLY 4, 2
3,751178134; 8,427315914
15,77756833; 8,427315914
15,77756833; 8,627315914
3,751178134; 8,627315914
POLY 4, 2
4,882186616; 9,116152019
12,95004713; 9,116152019
12,95004713; 9,316152019
4,882186616; 9,316152019
POLY 4, 2
4,316682375; 10,30380048
15,77756833; 10,30380048
15,77756833; 10,50380048
4,316682375; 10,50380048
POLY 10, 2
21,0933082; 9,139904988
21,90961357; 9,139904988
21,90961357; 15,80071259
5,347690858; 15,80071259
5,347690858; 9,287410926
5,547690858; 9,287410926
5,547690858; 15,60071259
21,70961357; 15,60071259
21,70961357; 9,339904988
21,0933082; 9,339904988
POLY 4, 2
5,259189444; 11,5152019
15,79641847; 11,5152019
15,79641847; 11,7152019
5,259189444; 11,7152019
POLY 4, 2
7,71558593594; 12,9167999905
15,7834464429; 13,3918593705
15,7716902171; 13,5915135495
7,70382971006; 13,1164541695
POLY 10, 4
13,32704995; 15,30190024
0,050801131; 15,30190024
0,050801131; -2,52280285
2,70131951; -2,52280285
2,70131951; -0,8076009501
2,50131951; -0,8076009501
2,50131951; -2,32280285
0,250801131; -2,32280285
0,250801131; 15,10190024
13,32704995; 15,10190024
POLY 12, 4
13,34590009; 12,42779097
1,22118101775; 12,42779097
0,4466540999; 9,08506801676
0,4466540999; -2,00023753
2,15466541; -2,00023753
2,15466541; -0,783847981
1,95466541; -0,783847981
1,95466541; -1,80023753
0,6466540999; -1,80023753
0,6466540999; 9,06220039124
1,38013849225; 12,22779097
13,34590009; 12,22779097
POLY 8, 4
13,32704995; 11,00261283
7,26125111506; 11,00261283
1,351460886; 2,40635529982
1,351460886; -0,7125890736
1,551460886; -0,7125890736
1,551460886; 2,34423852418
7,36645859294; 10,80261283
13,32704995; 10,80261283
POLY 10, 4
11,44203582; 11,24014252
6,57359787439; 11,24014252
1,38064995301; 10,7089271295
0,7859566447; 5,80176181788
0,7859566447; -0,7363420428
0,9859566447; -0,7363420428
0,9859566447; 5,78968711412
1,55997210099; 10,5262272705
6,58380080561; 11,04014252
11,44203582; 11,04014252
POLY 12, 4
15,1805890856; 16,4607131794
14,39575872; 16,2004603302
14,39575872; 4,47373936211
9,5619813114; -2,32280285
3,643826579; -2,32280285
3,643826579; -0,7600950119
3,443826579; -0,7600950119
3,443826579; -2,52280285
9,6651628926; -2,52280285
14,59575872; 4,40987108989
14,59575872; 16,0560717298
15,2435390944; 16,2708782606
POLY 8, 4
12,5043349803; 4,75139255464
9,00787774351; -1,586460808
5,528840716; -1,586460808
5,528840716; -0,783847981
5,328840716; -0,783847981
5,328840716; -1,786460808
9,12595826049; -1,786460808
12,6794538997; 4,65478321736
POLY 6, 4
12,5730443; 10,052494062
6,855702168; 10,052494062
6,855702168; -0,7363420428
7,055702168; -0,7363420428
7,055702168; 9,852494062
12,5730443; 9,852494062
POLY 6, 4
13,70405278; 6,252019002
7,98671065; 6,252019002
7,98671065; -0,973871734
8,18671065; -0,973871734
8,18671065; 6,052019002
13,70405278; 6,052019002
POLY 6, 1
0,00906372690378; 0,100588397189
-0,15; 0,115065085454
-0,15; 6,840855107
-0,35; 6,840855107
-0,35; -0,0675591472141
-0,00906372690378; -0,0985883971887
POLY 14, 1
0,4; 0,0
0,4; -0,8501187648
-0,5538461538; -0,8501187648
-0,5538461538; 17,26342043
15,99615385; 17,26342043
15,99615385; 14,8175326007
14,7902605818; 14,6995245886
14,8097394182; 14,5004754114
16,19615385; 14,6361491193
16,19615385; 17,46342043
-0,7538461538; 17,46342043
-0,7538461538; -1,0501187648
0,6; -1,0501187648
0,6; 0,0
POLY 4, 1
0,900960242275; 0,0138248468246
0,804806396075; -0,675011257675
1,00288591153; -0,702660951325
1,09903975773; -0,0138248468246
POLY 4, 1
1,40014534408; 0,00538959097952
1,36168380608; -0,70719948262
1,56139311792; -0,71797866458
1,59985465592; -0,00538959097952
POLY 4, 1
1,90034889644; -0,00834611037635
1,95804120444; -0,697182214876
2,15734341156; -0,680489994124
2,09965110356; 0,00834611037635
POLY 4, 1
2,40113266697; -0,0150083462984
2,51651728197; -0,775103358198
2,71425194803; -0,745086665602
2,59886733303; 0,0150083462984
POLY 14, 1
2,90108369179; -0,0146820969359
3,09559994891; -1,325178147
-0,919230769; -1,325178147
-0,919230769; 17,95225653
16,38076923; 17,95225653
16,38076923; 14,0910656959
14,8005652792; 14,0999984023
14,7994347208; 13,9000015977
16,58076923; 13,8899319241
16,58076923; 18,15225653
-1,119230769; 18,15225653
-1,119230769; -1,525178147
3,32747697509; -1,525178147
3,09891630821; 0,0146820969359
POLY 4, 1
3,40089813849; -0,0133723986003
3,49705198449; -0,7259614722
3,69525570751; -0,699216675
3,59910186151; 0,0133723986003
POLY 14, 1
3,90039343755; -0,00886186870765
4,10080957275; -2,26152019
9,78842620853; -2,26152019
14,6693667766; -0,315998556322
17,1776357915; 4,8955331553
16,9428942106; 12,4340276518
14,7937667214; 12,2998055421
14,8062332786; 12,1001944579
16,7494134894; 12,2215542882
16,9762103685; 4,9381960607
14,5229409234; -0,159060826078
9,75003532947; -2,06152019
4,28380581125; -2,06152019
4,09960656245; 0,00886186870765
POLY 4, 1
4,40011777747; -0,00485197106652
4,45781008547; -1,19250042707
4,65757453053; -1,18279648493
4,59988222253; 0,00485197106652
POLY 14, 1
4,90044312566; -0,0094036573581
5,04361579985; -1,525178147
9,42596446734; -1,525178147
14,0716972857; 0,635649289941
16,6; 5,19980620918
16,6; 10,0618658208
14,7910656343; 9,89960008589
14,8089343657; 9,70039991411
16,4; 9,84312230322
16,4; 5,25150020482
13,9283027143; 0,789528857259
9,38172784066; -1,325178147
5,22561497015; -1,325178147
5,09955687434; 0,0094036573581
POLY 4, 1
5,4; 0,0
5,4; -0,6888361045
5,6; -0,6888361045
5,6; 0,0
POLY 4, 1
5,90057760309; -0,0107325202935
5,97750068009; -0,723321593894
6,17634547391; -0,701856553306
6,09942239691; 0,0107325202935
POLY 4, 1
6,40282524187; -0,0236022537448
6,57590216487; -0,736191327345
6,77025168113; -0,688986819855
6,59717475813; 0,0236022537448
POLY 4, 1
6,9003261361; -0,00806974940906
6,9580184441; -0,720658823009
7,1573661719; -0,704519324191
7,0996738639; 0,00806974940906
POLY 4, 1
7,40076680169; -0,0123601113467
7,51615141669; -0,938725907047
7,71461781331; -0,914005684353
7,59923319831; 0,0123601113467
POLY 4, 1
7,90208752263; -0,020326012282
8,09439521463; -0,946691807982
8,29022016937; -0,906039783418
8,09791247737; 0,020326012282
POLY 4, 1
8,40053437517; -0,0103242179462
8,49668822117; -0,936690013646
8,69561947083; -0,916041577754
8,59946562483; 0,0103242179462
POLY 10, 1
8,93889271526; -0,0791574364918
9,59821154937; -0,588132783782
13,4523810045; 0,844873166718
16,2189435429; 5,46660547635
14,8163223954; 5,69865890436
14,7836776046; 5,50134109564
15,8964410771; 5,31724250365
13,3168497555; 1,00785842468
9,63255768063; -0,361985981018
9,06110728474; 0,0791574364918
POLY 4, 1
9,53007576571; -0,0953700598557
10,4339219157; 0,189665569644
10,3737703843; 0,380405689356
9,46992423429; 0,0953700598557
POLY 4, 1
0,349997253585; 0,499258868842
0,426920330485; 10,8781187288
0,226925823315; 10,8796009912
0,150002746415; 0,500741131158
POLY 4, 1
0,849998407921; 0,500564281231
0,811536869421; 7,31647877023
0,611540053579; 7,31535020777
0,650001592079; 0,499435718769
POLY 4, 1
1,34999801447; 0,499369839035
1,38845955247; 6,60269525504
1,18846352353; 6,60395557696
1,15000198553; 0,500630160965
POLY 6, 1
1,84999771613; 0,500675846809
1,75453132703; 14,625801172
13,9989726828; 14,500005277
14,0010273172; 14,699994723
1,55316098097; 14,827880548
1,65000228387; 0,499324153191
POLY 4, 1
2,35; 0,5
2,35; 0,9026128266
2,15; 0,9026128266
2,15; 0,5
POLY 4, 1
2,84998982063; 0,498573195908
2,92691289763; 5,88930953791
2,72693325637; 5,89216314609
2,65001017937; 0,501426804092
POLY 4, 1
3,34927932775; 0,488016048997
3,48389471275; 1,603217949
3,28533605725; 1,627185851
3,15072067225; 0,511983951003
POLY 4, 1
3,8499974021; 0,499279185912
3,9076897101; 8,50284213091
3,7076949059; 8,50428375909
3,6500025979; 0,500720814088
POLY 4, 1
4,34999321394; 0,498835025149
4,46537782894; 10,4026355051
4,26539140106; 10,4049654549
4,15000678606; 0,501164974851
POLY 4, 1
4,84997566927; 0,49779419976
5,04228336127; 9,21394621876
4,84233202273; 9,21835781924
4,65002433073; 0,50220580024
POLY 4, 1
5,34999759513; 0,499306481709
5,42692067213; 11,5907554117
5,22692548187; 11,5921424483
5,15000240487; 0,500693518291
POLY 6, 1
5,8499990888; 0,500426895867
5,79273623908; 13,9140793485
13,999828451; 13,9000001471
14,000171549; 14,0999998529
5,59187914492; 14,1144242115
5,6500009112; 0,499573104133
POLY 4, 1
6,34999304654; 0,49882074422
6,40768535454; 5,39074473422
6,20769926146; 5,39310324578
6,15000695346; 0,50117925578
POLY 6, 1
6,84999728116; 0,499262598259
6,94540476302; 13,4372423477
13,998054668; 13,3000189234
14,001945332; 13,4999810766
6,74690292898; 13,6411424523
6,65000271884; 0,500737401741
POLY 4, 1
7,3499673913; 0,497446438308
7,5422750833; 8,02595000131
7,3423403007; 8,03105712469
7,1500326087; 0,502553561692
POLY 4, 1
7,84999811159; 0,499385444466
7,92692118859; 13,0160125245
7,72692496541; 13,0172416355
7,65000188841; 0,500614555534
POLY 4, 1
8,34990050308; 0,495540237171
8,48451588808; 3,51097966717
8,28471488192; 3,51989919283
8,15009949692; 0,504459762829
POLY 6, 1
8,84999951322; 0,499687980949
8,88814841236; 12,7260931557
13,9994895369; 12,7000013029
14,0005104631; 12,8999986971
8,68877466364; 12,9271135043
8,65000048678; 0,500312019051
POLY 6, 1
9,34998847633; 0,49848190889
9,46384534382; 7,99761988768
13,9978479473; 7,90002315934
14,0021520527; 8,09997684066
9,26692388618; 8,20190505232
9,15001152367; 0,50151809111
POLY 4, 1
9,82539947711; 0,434311958075
10,3830917871; 1,07445447607
10,2322928329; 1,20583055993
9,67460052289; 0,565688041925
POLY 4, 1
13,9773210397; 5,09739437746
12,8042441197; 4,82423523246
12,8496020403; 4,62944647754
14,0226789603; 4,90260562254
POLY 4, 1
13,9695662163; 5,69525641612
13,3926431363; 5,51093337612
13,4535107037; 5,32042054388
14,0304337837; 5,50474358388
POLY 4, 1
13,9757919904; 6,29702562687
13,7834843004; 6,24904462887
13,8319003196; 6,05499337513
14,0242080096; 6,10297437313
POLY 4, 1
13,9455804984; 6,88389587505
13,3494266484; 6,49719753805
13,4582656516; 6,32940578795
14,0544195016; 6,71610412495
POLY 4, 1
13,9855775579; 7,49895450047
13,4086544779; 7,41486898947
13,4374993621; 7,21695998853
14,0144224421; 7,30104549953
POLY 4, 1
14,0701532851; 8,67126371162
13,6855379051; 9,04988603962
13,5452313349; 8,90735861638
13,9298467149; 8,52873628838
POLY 4, 1
14,0539931388; 9,28417090332
12,8809162188; 10,0366649653
12,7729299412; 9,86832315868
13,9460068612; 9,11582909668
POLY 4, 1
14,0621330103; 9,87835489154
13,8698253203; 10,0308489535
13,7455592997; 9,87413917046
13,9378669897; 9,72164510846
POLY 6, 1
13,956421332; 10,4900049981
13,5577924764; 10,2969966661
12,7965051484; 9,57368329199
12,9342640916; 9,42869200401
13,6729767636; 10,1305567739
14,043578668; 10,3099950019
POLY 4, 1
13,9811966043; 11,0982162528
13,5965812243; 11,0245820528
13,6341880157; 10,8281495472
14,0188033957; 10,9017837472
POLY 4, 1
13,9804570817; 11,6980717816
11,6727647717; 11,2382143016
11,7118506083; 11,0420707384
14,0195429183; 11,5019282184
POLY 4, 1
14,0366584805; 12,2930384641
13,6520431005; 12,4445824041
13,5787261395; 12,2585054759
13,9633415195; 12,1069615359
POLY 4, 1
13,9943274388; 15,2998389806
13,6097120588; 15,2779862506
13,6210571812; 15,0783082894
14,0056725612; 15,1001610194
POLY 4, 1
14,0426715482; 15,8904385923
13,8503638582; 15,9811749323
13,7650207618; 15,8002977477
13,9573284518; 15,7095614077
POLY 4, 1
13,9824886039; 16,4984548171
13,7901809139; 16,4642505371
13,8252037061; 16,2673409029
14,0175113961; 16,3015451829
POLY 4, 1
14,7781795206; 6,10240969988
16,0551026006; 5,81689901088
16,0987435594; 6,01207961112
14,8218204794; 6,29759030012
POLY 4, 1
14,8050532046; 6,70012775599
16,0819762846; 6,76473583199
16,0718698754; 6,96448032001
14,7949467954; 6,89987224401
POLY 4, 1
14,7944460112; 7,30015435308
15,8790613912; 7,23982181108
15,8901693688; 7,43951310492
14,8055539888; 7,49984564692
POLY 4, 1
14,8040889564; 7,9000836328
16,0810120364; 7,9523401648
16,0728341236; 8,1521728992
14,7959110436; 8,0999163672
POLY 4, 1
14,7961708554; 8,50007333863
16,0730939354; 8,45114222263
16,0807522246; 8,65099554537
14,8038291446; 8,69992666137
POLY 4, 1
14,8027150451; 9,10003686414
16,2719458151; 9,13994185214
16,2665157249; 9,33986812386
14,7972849549; 9,29996313586
POLY 4, 1
14,8021572973; 10,3000232724
16,0790803773; 10,3275767124
16,0747657827; 10,5275301676
14,7978427027; 10,4999767276
POLY 4, 1
14,7933860675; 10,9002189602
16,2626168375; 10,8028317902
16,2758447025; 11,0023938698
14,8066139325; 11,0997810398
POLY 4, 1
14,803049264; 11,5000465009
16,079972344; 11,5390013709
16,073873816; 11,7389083691
14,796950736; 11,6999534991
POLY 4, 1
14,8001940032; 12,7000001882
16,2694247732; 12,7028505482
16,2690367668; 12,9028501718
14,7998059968; 12,8999998118
POLY 4, 1
14,8108364188; 13,3005888737
16,0877594988; 13,4397812737
16,0660866612; 13,6386035263
14,7891635812; 13,4994111263
POLY 4, 1
14,7974978278; 15,1000313092
15,6705747478; 15,0781785792
15,6755790922; 15,2781159608
14,8025021722; 15,2999686908
POLY 4, 1
14,8161411477; 15,7013112805
15,5161411477; 15,8158005905
15,4838588523; 16,0131780295
14,7838588523; 15,8986887195
POLY 4, 1
14,7954903223; 16,3001017377
15,5531826323; 16,2658974577
15,5622019877; 16,4656939823
14,8045096777; 16,4998982623
JUMP 12,82692308; 4,726840855
JUMP 13,42307692; 5,41567696
JUMP 13,80769231; 6,152019002
JUMP 13,40384615; 6,413301663
JUMP 13,42307692; 7,315914489
JUMP 13,61538462; 8,978622328
JUMP 12,82692308; 9,952494062
JUMP 13,80769231; 9,952494062
JUMP 12,86538462; 9,501187648
JUMP 13,61538462; 10,9263658
JUMP 11,69230769; 11,14014252
JUMP 13,61538462; 12,35154394
JUMP 13,61538462; 15,17814727
JUMP 13,80769231; 15,89073634
JUMP 13,80769231; 16,36579572
JUMP 16,07692308; 5,914489311
JUMP 16,07692308; 6,864608076
JUMP 15,88461538; 7,339667458
JUMP 16,07692308; 8,052256532
JUMP 16,07692308; 8,551068884
JUMP 16,26923077; 9,239904988
JUMP 16,07692308; 10,42755344
JUMP 16,26923077; 10,90261283
JUMP 16,07692308; 11,63895487
JUMP 16,07692308; 11,63895487
JUMP 16,26923077; 12,80285036
JUMP 16,07692308; 13,5391924
JUMP 15,67307692; 15,17814727
JUMP 15,5; 15,91448931
JUMP 15,55769231; 16,36579572
